,dense value,Y_test,Y_pred
0,400,[7.],[6.073776]
1,400,[6.],[6.1088367]
2,400,[7.],[6.355724]
3,400,[6.],[5.599857]
4,400,[7.],[6.710592]
5,400,[5.],[5.7715125]
6,400,[5.],[5.6960597]
7,400,[5.],[5.7081075]
8,400,[6.],[6.0760946]
9,400,[6.],[6.396547]
10,400,[6.],[6.021542]
11,400,[6.],[5.768888]
12,400,[5.],[6.189246]
13,400,[5.],[5.593585]
14,400,[5.],[5.8177743]
15,400,[6.],[5.7235856]
16,400,[5.],[5.594603]
17,400,[7.],[6.4529924]
18,400,[4.],[4.581947]
19,400,[5.],[5.5574594]
20,400,[5.],[5.55755]
21,400,[7.],[6.4282393]
22,400,[6.],[5.6101937]
23,400,[5.],[6.024816]
24,400,[7.],[6.3237143]
25,400,[6.],[5.525143]
26,400,[5.],[5.614377]
27,400,[7.],[5.6913486]
28,400,[7.],[5.9596295]
29,400,[7.],[5.7286725]
30,400,[6.],[5.9900303]
31,400,[7.],[6.392216]
32,400,[5.],[6.3136115]
33,400,[6.],[5.707049]
34,400,[6.],[5.849381]
35,400,[7.],[5.570907]
36,400,[7.],[6.5983453]
37,400,[5.],[5.330135]
38,400,[5.],[6.1176124]
39,400,[7.],[6.1616654]
40,400,[5.],[5.9393144]
41,400,[5.],[5.793986]
42,400,[5.],[5.6382318]
43,400,[6.],[5.100023]
44,400,[7.],[5.8683515]
45,400,[7.],[6.483929]
46,400,[6.],[5.636701]
47,400,[7.],[6.4054112]
48,400,[5.],[5.7397532]
49,400,[5.],[5.8357997]
50,400,[6.],[6.323902]
51,400,[6.],[5.912943]
52,400,[5.],[5.701098]
53,400,[6.],[6.311562]
54,400,[6.],[5.866933]
55,400,[7.],[6.0945773]
56,400,[6.],[5.7232184]
57,400,[5.],[5.7577653]
58,400,[5.],[5.687444]
59,400,[6.],[6.0010004]
60,400,[6.],[6.4361644]
61,400,[6.],[5.7867208]
62,400,[6.],[5.7002807]
63,400,[6.],[6.170091]
64,400,[7.],[6.0856824]
65,400,[7.],[6.104818]
66,400,[6.],[5.9081826]
67,400,[7.],[6.408714]
68,400,[6.],[5.918787]
69,400,[7.],[6.1549993]
70,400,[7.],[5.684756]
71,400,[7.],[6.3732543]
72,400,[5.],[5.6452746]
73,400,[5.],[5.6279287]
74,400,[8.],[6.124384]
75,400,[7.],[6.0875483]
76,400,[8.],[6.258716]
77,400,[6.],[5.8994317]
78,400,[5.],[5.8160214]
79,400,[8.],[6.1038604]
80,400,[7.],[6.4741282]
81,400,[5.],[5.419231]
82,400,[6.],[5.572361]
83,400,[6.],[5.6309333]
84,400,[7.],[6.1985955]
85,400,[4.],[5.001778]
86,400,[5.],[5.176422]
87,400,[7.],[6.0705457]
88,400,[7.],[6.0979505]
89,400,[6.],[5.949579]
90,400,[6.],[5.90165]
91,400,[7.],[5.6390557]
92,400,[6.],[5.9711294]
93,400,[6.],[5.6748013]
94,400,[6.],[5.9518414]
95,400,[4.],[5.3168755]
96,400,[5.],[5.6904073]
97,400,[5.],[6.061102]
98,400,[5.],[5.73333]
99,400,[6.],[6.107468]
100,400,[6.],[5.624499]
101,400,[6.],[5.7986283]
102,400,[8.],[6.362859]
103,400,[6.],[5.81239]
104,400,[5.],[6.0756936]
105,400,[5.],[5.570687]
106,400,[5.],[5.5860643]
107,400,[6.],[5.9358296]
108,400,[6.],[5.837611]
109,400,[8.],[6.2569118]
110,400,[5.],[5.9441833]
111,400,[6.],[5.536723]
112,400,[6.],[5.7624335]
113,400,[8.],[6.4374423]
114,400,[6.],[5.995483]
115,400,[6.],[5.531772]
116,400,[5.],[6.0039344]
117,400,[5.],[5.88985]
118,400,[5.],[5.7377734]
119,400,[7.],[5.643856]
120,400,[6.],[5.5315046]
121,400,[6.],[5.4937835]
122,400,[7.],[6.403062]
123,400,[7.],[6.7426586]
124,400,[7.],[6.6442733]
125,400,[6.],[6.4587955]
126,400,[5.],[5.357205]
127,400,[5.],[5.721578]
128,400,[6.],[5.764283]
129,400,[7.],[5.5669627]
130,400,[5.],[5.6204495]
131,400,[5.],[5.6204495]
132,400,[7.],[6.213179]
133,400,[7.],[6.473063]
134,400,[7.],[6.5575833]
135,400,[6.],[6.191646]
136,400,[6.],[5.8715167]
137,400,[7.],[5.558638]
138,400,[8.],[6.1548705]
139,400,[8.],[5.6643424]
140,400,[6.],[6.0776467]
141,400,[6.],[6.4232802]
142,400,[5.],[5.6521044]
143,400,[7.],[6.2316]
144,400,[6.],[5.801371]
145,400,[5.],[5.0192056]
146,400,[8.],[6.475036]
147,400,[6.],[6.2989535]
148,400,[5.],[5.0192056]
149,400,[6.],[5.1978064]
150,400,[6.],[5.845596]
151,400,[5.],[5.369252]
152,400,[6.],[6.006345]
153,400,[6.],[5.930826]
154,400,[7.],[6.064858]
155,400,[6.],[5.7498803]
156,400,[6.],[5.675286]
157,400,[6.],[5.8951807]
158,400,[6.],[5.5268607]
159,400,[6.],[5.548876]
160,400,[6.],[5.8824763]
161,400,[5.],[5.4044447]
162,400,[6.],[6.214456]
163,400,[5.],[5.9934564]
164,400,[7.],[5.5951667]
165,400,[6.],[6.297991]
166,400,[6.],[5.9380536]
167,400,[5.],[6.313704]
168,400,[5.],[5.9006615]
169,400,[6.],[5.7083764]
170,400,[7.],[6.358145]
171,400,[6.],[5.952662]
172,400,[6.],[5.6369343]
173,400,[5.],[6.284842]
174,400,[5.],[5.704393]
175,400,[6.],[5.5621724]
176,400,[5.],[5.5796437]
177,400,[5.],[5.614436]
178,400,[5.],[5.697457]
179,400,[5.],[5.697457]
180,400,[5.],[5.4886155]
181,400,[6.],[5.6516747]
182,400,[6.],[5.7051196]
183,400,[6.],[5.456344]
184,400,[6.],[5.5711007]
185,400,[5.],[5.451758]
186,400,[6.],[5.629569]
187,400,[7.],[6.501475]
188,400,[5.],[5.789949]
189,400,[7.],[6.3194613]
190,400,[6.],[5.5814285]
191,400,[5.],[5.9075356]
192,400,[5.],[5.8956513]
193,400,[7.],[5.690565]
194,400,[6.],[5.5296397]
195,400,[5.],[5.777284]
196,400,[5.],[5.657085]
197,400,[5.],[6.3887186]
198,400,[6.],[5.934116]
199,400,[6.],[5.765326]
200,400,[5.],[6.163632]
201,400,[5.],[5.1256943]
202,400,[6.],[5.7748733]
203,400,[6.],[6.0348625]
204,400,[5.],[5.687921]
205,400,[5.],[5.687921]
206,400,[6.],[6.12338]
207,400,[6.],[6.2661386]
208,400,[6.],[5.0978084]
209,400,[7.],[5.6755276]
210,400,[5.],[5.2539296]
211,400,[5.],[5.712563]
212,400,[6.],[5.9893]
213,400,[6.],[5.8626304]
214,400,[6.],[6.338433]
215,400,[5.],[5.682226]
216,400,[5.],[5.4494357]
217,400,[5.],[5.4494357]
218,400,[6.],[5.461261]
219,400,[5.],[5.5398297]
220,400,[6.],[6.100506]
221,400,[6.],[5.6633086]
222,400,[4.],[5.683146]
223,400,[5.],[5.4911146]
224,400,[7.],[6.577866]
225,400,[7.],[6.631107]
226,400,[8.],[6.5118365]
227,400,[5.],[5.8719196]
228,400,[5.],[5.6081862]
229,400,[6.],[5.553308]
230,400,[6.],[5.779019]
231,400,[5.],[5.3692527]
232,400,[6.],[6.211249]
233,400,[6.],[6.0221906]
234,400,[4.],[5.976315]
235,400,[5.],[5.725779]
236,400,[7.],[6.4891543]
237,400,[5.],[5.720993]
238,400,[6.],[5.97199]
239,400,[6.],[5.8226504]
240,400,[6.],[5.7228236]
241,400,[5.],[5.732775]
242,400,[5.],[5.670672]
243,400,[6.],[5.789247]
244,400,[5.],[5.691654]
245,400,[6.],[5.561995]
246,400,[7.],[6.431803]
247,400,[6.],[6.0607114]
248,400,[5.],[5.9508257]
249,400,[6.],[5.7303166]
250,400,[7.],[5.613699]
251,400,[7.],[5.613699]
252,400,[6.],[6.415323]
253,400,[7.],[6.461166]
254,400,[5.],[5.729525]
255,400,[6.],[6.510019]
256,400,[6.],[6.444526]
257,400,[5.],[5.4245486]
258,400,[6.],[5.714264]
259,400,[7.],[6.0643487]
260,400,[6.],[6.18202]
261,400,[6.],[6.18202]
262,400,[7.],[6.386388]
263,400,[8.],[6.131008]
264,400,[6.],[5.8597465]
265,400,[6.],[5.9152603]
266,400,[6.],[5.854923]
267,400,[8.],[6.3163943]
268,400,[5.],[5.7208457]
269,400,[7.],[6.7531457]
270,400,[5.],[5.7208457]
271,400,[8.],[6.104979]
272,400,[6.],[5.651261]
273,400,[7.],[6.2462373]
274,400,[7.],[6.386225]
275,400,[6.],[5.965835]
276,400,[7.],[6.054437]
277,400,[6.],[6.2619147]
278,400,[7.],[6.586035]
279,400,[7.],[6.737765]
280,400,[5.],[5.7713284]
281,400,[5.],[5.783142]
282,400,[7.],[6.3577604]
283,400,[7.],[6.6580358]
284,400,[6.],[5.8431163]
285,400,[5.],[5.754849]
286,400,[6.],[5.697453]
287,400,[5.],[5.680818]
288,400,[8.],[6.7884173]
289,400,[7.],[6.316397]
290,400,[7.],[6.316397]
291,400,[6.],[6.26852]
292,400,[6.],[5.347271]
293,400,[6.],[5.347271]
294,400,[5.],[5.980225]
295,400,[5.],[5.6903844]
296,400,[8.],[6.721765]
297,400,[5.],[5.6020255]
298,400,[5.],[5.5929103]
299,400,[6.],[6.267302]
300,400,[5.],[5.867588]
301,400,[6.],[5.722552]
302,400,[6.],[6.4463515]
303,400,[6.],[6.693066]
304,400,[5.],[5.936421]
305,400,[6.],[6.172063]
306,400,[6.],[6.1491103]
307,400,[6.],[6.548514]
308,400,[4.],[5.57414]
309,400,[8.],[6.428003]
310,400,[6.],[6.6035767]
311,400,[6.],[6.2781405]
312,400,[5.],[6.1740837]
313,400,[6.],[6.3041143]
314,400,[6.],[6.2781405]
315,400,[6.],[5.700767]
316,400,[6.],[5.8473897]
317,400,[7.],[6.3269157]
318,400,[7.],[6.4182515]
319,400,[5.],[5.6155424]
320,400,[7.],[6.616025]
321,400,[7.],[6.8919067]
322,400,[6.],[5.329071]
323,400,[5.],[6.224575]
324,400,[6.],[5.8505483]
325,400,[6.],[6.0894303]
326,400,[6.],[5.5728946]
327,400,[6.],[5.8977413]
328,400,[6.],[5.916102]
329,400,[6.],[6.414441]
330,400,[7.],[6.56105]
331,400,[5.],[5.956674]
332,400,[5.],[5.3746104]
333,400,[7.],[6.544994]
334,400,[6.],[6.64835]
335,400,[6.],[6.5308647]
336,400,[5.],[5.6873584]
337,400,[6.],[5.949698]
338,400,[5.],[5.552338]
339,400,[8.],[6.552279]
340,400,[7.],[6.5172772]
341,400,[5.],[5.531688]
342,400,[5.],[5.5362983]
343,400,[6.],[5.820317]
344,400,[7.],[6.5507565]
345,400,[7.],[6.491963]
346,400,[6.],[6.5043054]
347,400,[6.],[6.5043054]
348,400,[6.],[6.3238616]
349,400,[5.],[5.7068586]
350,400,[7.],[6.690479]
351,400,[6.],[6.308158]
352,400,[7.],[6.026427]
353,400,[6.],[6.038898]
354,400,[6.],[6.038898]
355,400,[8.],[6.7328906]
356,400,[6.],[6.559269]
357,400,[7.],[6.7588696]
358,400,[8.],[6.52256]
359,400,[6.],[5.9648347]
360,400,[5.],[5.67293]
361,400,[7.],[5.803449]
362,400,[5.],[5.7131867]
363,400,[5.],[5.6800456]
364,400,[7.],[6.3299394]
365,400,[5.],[6.142779]
366,400,[5.],[5.996161]
367,400,[5.],[5.849378]
368,400,[6.],[6.2301497]
369,400,[5.],[5.662267]
370,400,[6.],[5.793101]
371,400,[7.],[6.3722396]
372,400,[6.],[5.7131877]
373,400,[7.],[6.322504]
374,400,[7.],[7.0462537]
375,400,[6.],[6.814161]
376,400,[6.],[6.1394477]
377,400,[6.],[6.2419724]
378,400,[5.],[5.5524106]
379,400,[5.],[5.5112605]
380,400,[6.],[6.2622027]
381,400,[4.],[5.7395196]
382,400,[6.],[6.14932]
383,400,[6.],[6.2358384]
384,400,[5.],[5.0251284]
385,400,[6.],[6.204961]
386,400,[8.],[6.6014905]
387,400,[6.],[5.8921714]
388,400,[6.],[5.544604]
389,400,[6.],[6.202685]
390,400,[5.],[6.1014676]
391,400,[5.],[5.545854]
392,400,[6.],[5.3750005]
393,400,[6.],[6.731758]
394,400,[6.],[6.461194]
395,400,[5.],[5.983695]
396,400,[6.],[6.461194]
397,400,[4.],[5.0869813]
398,400,[6.],[6.147977]
399,400,[6.],[5.984588]
400,400,[6.],[6.0121284]
401,400,[6.],[6.086559]
402,400,[6.],[6.393522]
403,400,[6.],[5.8929253]
404,400,[6.],[5.7963443]
405,400,[4.],[5.4620094]
406,400,[6.],[6.3406706]
407,400,[5.],[5.8155675]
408,400,[6.],[6.3990693]
409,400,[8.],[5.6858544]
410,400,[8.],[5.6858544]
411,400,[6.],[6.1428595]
412,400,[5.],[5.6103578]
413,400,[6.],[6.1749787]
414,400,[6.],[6.4379907]
415,400,[5.],[5.5722737]
416,400,[5.],[5.8800483]
417,400,[5.],[5.670417]
418,400,[5.],[5.670417]
419,400,[6.],[6.1062803]
420,400,[6.],[6.679575]
421,400,[5.],[6.0600247]
422,400,[6.],[6.8464656]
423,400,[6.],[6.4287467]
424,400,[6.],[6.3019776]
425,400,[6.],[6.4525905]
426,400,[6.],[6.2728953]
427,400,[6.],[5.698173]
428,400,[6.],[5.7094727]
429,400,[7.],[6.3549066]
430,400,[6.],[6.0417085]
431,400,[6.],[6.6533775]
432,400,[6.],[6.502687]
433,400,[6.],[5.85724]
434,400,[6.],[6.6533766]
435,400,[6.],[6.2790794]
436,400,[6.],[5.6401787]
437,400,[6.],[5.6401787]
438,400,[5.],[5.7969418]
439,400,[6.],[6.0320253]
440,400,[6.],[6.238382]
441,400,[7.],[6.9395657]
442,400,[7.],[6.217323]
443,400,[6.],[6.7365804]
444,400,[6.],[5.8086867]
445,400,[5.],[5.918389]
446,400,[7.],[6.4148192]
447,400,[5.],[5.918388]
448,400,[8.],[6.521566]
449,400,[6.],[6.0524344]
450,400,[6.],[5.49863]
451,400,[6.],[6.360365]
452,400,[5.],[5.576447]
453,400,[6.],[5.7376485]
454,400,[6.],[6.067861]
455,400,[6.],[5.716431]
456,400,[6.],[5.6365285]
457,400,[6.],[5.7579103]
458,400,[6.],[6.3757234]
459,400,[6.],[5.4792724]
460,400,[7.],[5.5614843]
461,400,[5.],[5.478971]
462,400,[5.],[5.3439145]
463,400,[5.],[5.347034]
464,400,[5.],[5.129186]
465,400,[5.],[5.439232]
466,400,[5.],[5.6104226]
467,400,[5.],[5.670937]
468,400,[5.],[5.447808]
469,400,[5.],[5.662125]
470,400,[5.],[5.470522]
471,400,[5.],[5.2818975]
472,400,[5.],[4.232224]
473,400,[5.],[4.7916174]
474,400,[5.],[4.583521]
475,400,[6.],[5.0825825]
476,400,[5.],[5.0935106]
477,400,[5.],[5.1553955]
478,400,[6.],[5.4781966]
479,400,[5.],[5.4370046]
480,400,[6.],[5.535378]
481,400,[5.],[4.9749503]
482,400,[5.],[5.411878]
483,400,[6.],[6.484263]
484,400,[6.],[4.9877567]
485,400,[5.],[5.3039994]
486,400,[6.],[5.9484897]
487,400,[6.],[6.0726047]
488,400,[8.],[6.6458955]
489,400,[5.],[5.0659037]
490,400,[5.],[5.062388]
491,400,[6.],[5.795817]
492,400,[6.],[5.484473]
493,400,[5.],[4.8025355]
494,400,[6.],[5.7640686]
495,400,[6.],[5.30685]
496,400,[7.],[5.8244553]
497,400,[5.],[5.4071164]
498,400,[7.],[6.4184947]
499,400,[5.],[5.8198605]
500,400,[6.],[5.9756513]
501,400,[7.],[6.0876613]
502,400,[6.],[5.637201]
503,400,[6.],[6.212677]
504,400,[6.],[5.6969275]
505,400,[7.],[5.337172]
506,400,[5.],[5.3974586]
507,400,[5.],[4.888868]
508,400,[5.],[5.8649697]
509,400,[6.],[5.581205]
510,400,[6.],[6.0113444]
511,400,[5.],[5.985164]
512,400,[7.],[6.8701296]
513,400,[7.],[6.301125]
514,400,[5.],[5.8851757]
515,400,[5.],[5.4600058]
516,400,[6.],[5.4983044]
517,400,[5.],[6.2549787]
518,400,[5.],[5.4302936]
519,400,[5.],[5.393448]
520,400,[5.],[6.099756]
521,400,[6.],[6.0728393]
522,400,[5.],[6.185026]
523,400,[6.],[5.229423]
524,400,[7.],[5.9714694]
525,400,[6.],[5.9586463]
526,400,[5.],[5.526388]
527,400,[6.],[5.656718]
528,400,[6.],[5.401698]
529,400,[6.],[6.441955]
530,400,[5.],[5.534594]
531,400,[5.],[5.747677]
532,400,[6.],[5.993292]
533,400,[5.],[5.4667134]
534,400,[5.],[5.4667134]
535,400,[5.],[5.533446]
536,400,[6.],[5.3783875]
537,400,[6.],[6.2182574]
538,400,[5.],[5.3620443]
539,400,[5.],[5.260369]
540,400,[6.],[5.082809]
541,400,[4.],[5.7584977]
542,400,[5.],[5.346319]
543,400,[5.],[4.9685397]
544,400,[5.],[5.236198]
545,400,[5.],[5.434523]
546,400,[6.],[5.4967647]
547,400,[5.],[4.9357657]
548,400,[5.],[5.1230226]
549,400,[6.],[5.2858863]
550,400,[6.],[6.6008153]
551,400,[5.],[4.788964]
552,400,[5.],[5.521875]
553,400,[5.],[5.875831]
554,400,[4.],[5.6942916]
555,400,[6.],[6.218674]
556,400,[7.],[6.2645936]
557,400,[6.],[6.2285485]
558,400,[5.],[5.2624497]
559,400,[6.],[6.566265]
560,400,[6.],[5.394654]
561,400,[6.],[5.267093]
562,400,[6.],[6.249249]
563,400,[7.],[6.62258]
564,400,[7.],[6.770679]
565,400,[7.],[6.3258815]
566,400,[7.],[6.5911508]
567,400,[6.],[5.783552]
568,400,[6.],[6.1486354]
569,400,[6.],[6.17832]
570,400,[7.],[6.4595]
571,400,[5.],[5.9621778]
572,400,[5.],[5.9621778]
573,400,[5.],[5.783872]
574,400,[6.],[6.3347077]
575,400,[5.],[5.2532387]
576,400,[7.],[6.152024]
577,400,[5.],[5.443869]
578,400,[5.],[6.3461976]
579,400,[7.],[6.2546725]
580,400,[7.],[6.3308177]
581,400,[6.],[5.715265]
582,400,[6.],[5.8391585]
583,400,[5.],[6.0205398]
584,400,[7.],[5.8730702]
585,400,[8.],[6.1805186]
586,400,[7.],[6.55889]
587,400,[6.],[6.398068]
588,400,[6.],[5.57128]
589,400,[7.],[6.325712]
590,400,[6.],[5.7946486]
591,400,[7.],[6.4615765]
592,400,[6.],[5.6775]
593,400,[7.],[6.805868]
594,400,[5.],[5.6236525]
595,400,[5.],[5.2454724]
596,400,[7.],[6.6472507]
597,400,[7.],[6.51485]
598,400,[5.],[5.6097054]
599,400,[5.],[5.47039]
600,400,[6.],[6.133338]
601,400,[6.],[6.0584073]
602,400,[4.],[5.727444]
603,400,[6.],[6.223081]
604,400,[6.],[5.8725314]
605,400,[5.],[5.149009]
606,400,[5.],[5.1785116]
607,400,[5.],[5.8061547]
608,400,[6.],[5.6668086]
609,400,[6.],[5.597771]
610,400,[6.],[4.9421525]
611,400,[6.],[5.655289]
612,400,[6.],[6.4326053]
613,400,[5.],[5.448172]
614,400,[6.],[6.452378]
615,400,[6.],[5.7767925]
616,400,[5.],[4.9589877]
617,400,[5.],[5.4957023]
618,400,[6.],[5.7590632]
619,400,[6.],[6.014957]
620,400,[6.],[6.236859]
621,400,[5.],[5.510053]
622,400,[6.],[6.2907443]
623,400,[5.],[5.56899]
624,400,[6.],[5.388314]
625,400,[5.],[5.5742135]
626,400,[5.],[5.444346]
627,400,[7.],[6.364616]
628,400,[7.],[6.3423743]
629,400,[4.],[5.505115]
630,400,[7.],[6.4839644]
631,400,[6.],[5.5719314]
632,400,[5.],[5.336628]
633,400,[3.],[5.1487727]
634,400,[6.],[5.7944427]
635,400,[5.],[5.6661363]
636,400,[6.],[5.6072354]
637,400,[6.],[5.71864]
638,400,[5.],[5.605897]
639,400,[5.],[5.605897]
640,400,[6.],[6.4050975]
641,400,[6.],[6.409595]
642,400,[6.],[5.900257]
643,400,[6.],[6.1711864]
644,400,[6.],[5.8791947]
645,400,[6.],[6.015532]
